2020-04-03_9,15,31:33,36,37,39`
2020-04-15_49,53,60`
2020-06-03_51,58,737,745,750,777,783,786`
2020-06-05_1,17,21,22,51,52,67,69,84,101,109,110,134,153,155,162,165,166`
2020-06-06_1:4,9:11,13,28,54,57,60,63,72,86,100,103`
2020-06-10_2,22,43,45,52,56,66,87,101,105`
2020-06-15_1:16,49,51,52,80,84,94`
2020-07-03_19,21,89,116,130,139:141,146,197,220,246,249,266:268,271,291,338,343,457`
2020-07-09_1:4,11,43,57,176,177,185,127,240,252,287`
2020-07-14_51,127,128,208,320,352,415,608,688`
2020-07-25_47,61,128,511,512,544,640`
2020-07-30_29,41,44,45,47,52,131,146,147`
2020-09-23_1,4,5,7,8`
2020-09-24_1,2,4,6,7,11,13,23:27`
2020-09-25_1,2`
2020-09-26_5,6,15`
2020-09-27_1:9`
2020-09-28_2:5,10,12,13`
2020-09-29_6,9`
2020-09-30_2,29,30,35,36`
2020-10-01_2,4,14,17,18,22`
2020-10-02_2,17,21,22,24,26`
2020-10-03_16,17,19,22,24,25,28,29:33`
2020-10-04_7,8,14,15,21,29`
2020-10-05_2,6,7,26`
2020-10-06_6,9,10`
2020-10-07_8,9,21,23,33,36,44`
2020-10-08_1:5,8,19`
2020-10-09_16,17,25,46,53,65,66`
2020-10-10_19,32,38,58,60,85,86,88,89,91`
2020-10-11_2,3,5,7:9,12,15,16`
2020-10-12_1,4,5,9:11,13,25`
2020-10-13_5,6,28,30,62`
2020-10-14_62,69,86,87`
2020-10-15_1,2,4,5,11,12,16,22`
2020-10-16_3,11,13,21:23`
2020-10-17_4,9:11,20:24`
2020-10-18_3,7:11`
2020-10-19_2,5:7,16,40`
2020-10-20_6,7,9,19`
2020-10-21_7,9,12,17:20`
2020-10-22_1,3,4,36:38,101`
2020-10-23_45,86:88`
2020-10-24_1:3,6,12,17`
2020-10-25_1,4:7,27:29`
2020-10-27_2,3,20,32,34,36,50,51,55,59,68,72`
2020-10-28_3,6,9,10,14,16,22,24,25`
2020-10-29_5,12,13,15,18,19,24,25`
2020-10-30_3,4,10,14`
2020-10-31_3:9,11:14,17,31,49,50`
2020-11-01_1,12,13,32,36,38,47`
2020-11-02_1,4,6,9:15,18`
2020-11-03_6,7,21,37,43,46,64`
2020-11-04_11,14,15,31,68`
2020-11-05_32:38`
2020-11-06_1,3:6,9,10,13,36`
2020-11-07_4,8,11:13,15,17:19`
2020-11-08_1,15,16,19,23,26,32`
2020-11-09_3,11,17,19,35,39,56:58,60,65:67,71,72`
2020-11-10_4,5,71,89,91`
2020-11-11_13,15,24,38,41,46,54,69`
2020-11-12_1:3,8,9,13,23,31,32,48`
2020-11-13_37,65,86,95,97,101,107,109,133`
2020-11-14_1,3,59,80,103,119`
2020-11-15_7:9,19,26,46,64,68`
2020-11-16_16,24,76,81,92:94`
2020-11-17_3:5,23,25,60,102`
2020-11-18_19,48,50,52,53,98`
2020-11-19_17,18,24:27,33,35,43,44,50,54,55`
2020-11-20_1,3,9:11,37`
2020-11-21_48,50,58,64,65`
2020-11-22_1,25,40,41,44,67,107:109,113,114,128`
2020-11-23_1,4,54,61,77,90,98,118`
2020-11-24_1,18,19,73,81,84,87,93,104`
2020-11-25_7,8,15,20,25,40,41,58`
2020-11-26_1,23,24,29,39,41,64,95,107,108,112`
2020-11-27_5,7,8,11,53,54,56,64,66,75,77,90,106,107`
2020-11-28_1,3,4,17,22,25,45,58,59,62,63`
2020-11-29_3,5,7:9,38,42,43`
2020-11-30_6,56,94,102,122,139`
2020-12-01_15,16,64,70,71,97:102,105,122`
2020-12-02_1,2,26,32,33,42:44`
2020-12-03_8,9,28,37,72,104,110,111,114,121`
2020-12-04_5,13,15,16,20,24,28,32,34,52,67,83,92`
2020-12-05_3,27,28,38,45,88,122`
2020-12-06_42,53,65,68:70,76,114,116`
2020-12-07_1,2,13,15,16,18,21,25,27,44,49:51,56`
2020-12-08_1:4,15,37,60,84`
2020-12-09_1,2,19,35,36,40,51:53,67,68,93,100,101`
2020-12-10_25:29,37,38,65,77,96,97:99`
2020-12-11_10,28,55,99,116,118,120,128,145`
2020-12-12_32,46,49,77,106,107,138`
2020-12-13_1,3,4,37,38,103,113`
2020-12-14_2,3,16,39,74:78`
2020-12-15_13,17,37,40,43,70,96,100,104,106,108,118,146`
2020-12-16_1,14,19,45,78,83,113,132,139,182`
2020-12-17_10,22,73,80,83,149,233,244,163:165,270,273,287`
2020-12-18_2,27,41,42,90`
2020-12-19_210,211,234,248,302,317,318`
2020-12-20_10,35,38,48,77:79,82,107,131,143,158,192,209,210,212,213`
2020-12-21_1,6,49,59`
2020-12-22_1,3,8,18,27,30:34,55,70`
2020-12-23_4,5,10,32,118,190,223,238`
2020-12-24_57,71,115,131,138,164,180,186,205,253,254,256,258`
2020-12-25_53,58,68,118,135,150,153,164,181,248,253,254,262,277`
2020-12-26_1,23,24,48,67,85,88,131,233`
2020-12-27_98,147,161:163,177,179,194,211,227:229,231,239,240,293,360,310,340,342,343`
2020-12-28_7:9,14:16,29:35,39,43,44,47,48,67,99`
2020-12-29_16,17,18,39,83:86,171,188,204,238,239,248,249`
2020-12-30_3,5,9,112,122,123,175,178,180,208,210,212,215:217`
2020-12-31_87,147,148,161,168,170,171,177:179,182,201,212,227:230,232`
2021-01-01_4,19,21,23,38,60,92,93,102,115,120,148,150,164,174,180,184,194,223,236:238`
2021-01-02_1,20,26,35,37,140,148,163,181,189,200,202,217,218,256,265,288:291,300`
2021-01-03_3,25,34,35,42,43,48,51,57,67,70,71,76,82,100,110:113,121,133,152:154`
2021-01-04_25,67,68,74,75,95,110,165,180,189`
2021-01-05_31,34:38,137,174,183,188,197,198,212,229,245`
2021-01-06_1,17,34,45:48,52,62,63,120,123,142,149,179,218`
2021-01-07_5,55,62,63,78,80,95,101,103,111,121,124,166,182,191,195:197,202,218,220,224,229,231`
2021-01-08_5,50,66,72,79,119,124,140,143,150,166,172,186,204,272,285,288,290,298`
2021-01-09_9,22,36,41,57,68,83,115,153,158,173,190,205,206,208,223`
2021-01-10_36,44,60,76,103,105,126,141,148,149,156,157,162,185,200,202,203,209,213,254,255`
2021-01-11_4,11,15,18,19,23,25,33:35,39,46,47,51,54,55,57:61,77,84,93,105,115`
2021-01-12_1,46,49,97,113,129,176,191,196,240,244,282,292,297,329,331`
2021-01-13_16,18,32,47,65,85,112,113,138,144,247,272,281,321`
2021-01-14_16,22,64,81,82,85,92,93,94,149,150,153,173,183,189:191,243`
2021-01-15_1,32,34,40,57,86,87,102,160,171,176,190197,206`
2021-01-16_3,20,24,31,32,62,102,115,138,146,169:171,176,177,179,223,255,264`
2021-01-17_12,33,81,94,100,189,209,277,281:285`
2021-01-24_20:23`
2021-01-25_16,62,79:80,127,239,240,257,275,312,313,321,346,368`
2021-01-26_16,65,85,131,175,192,209,225,226,242,304,335,336,383,384`
2021-01-27_1,95,96,143,144,156,159,204,224,240,253,305`
2021-01-28_92,96,99,100,112,144,145,147,161,162,255,272,284`
2021-01-29_13